age	work	perm	tempo	trans00	trans01	trans02	trans10	trans11	trans12	trans20	trans21	trans22	lrearns	rearns	lentryrearns01	lentryrearns02	lentryrearns11	lentryrearns12	lentryrearns21	lentryrearns22	lexitrearns10	lexitrearns11	lexitrearns12	lexitrearns20	lexitrearns21	lexitrearns22	entry_y01	entry_y02	entry_y11	entry_y12	entry_y21	entry_y22	exit_y10	exit_y11	exit_y12	exit_y20	exit_y21	exit_y22	y	Vlrearns	Vrearns	VlentryearnsUP	VlentryearnsTP	VlentryearnsUT	VlentryearnsPT	VlexitearnsPU	VlexitearnsTU
22	.5114523	.1603314	.3511209										8.739078	7973.237							8.621569	9.083622	8.883338	8.416528	8.801365	8.715912							-.1331775	.3196436	.1337592	-.3163563	.0424475	-.0028982	.0032331	.4260035	5.83e+07					.3100289	.2152254
23	.6058263	.2245999	.3812264	.5789871	.1111111	.3099017	.0921053	.8190789	.0888158	.1996753	.1290584	.6712663	8.929239	9820.879	8.809995	8.557714	9.387052	9.063655	9.331903	8.999508	8.7821	9.255112	8.976571	8.456504	9.054939	8.843361	-.1494783	-.3885245	.3955455	.0754963	.3374829	.0512098	-.2022575	.2601177	.0029456	-.5010297	.0881099	-.1085595	-.0301457	.4916771	7.25e+07	.3501907	.5455986	.3104163	.6471321	.3842001	.2913872
24	.7006775	.3066396	.3940379	.494	.1706667	.3353333	.0588752	.85413	.0869947	.1576271	.1632768	.679096	9.147545	12074.29	9.130686	8.69798	9.610144	9.337311	9.498249	9.170597	8.976007	9.451449	9.131997	8.618265	9.150486	9.02051	-.0557576	-.445973	.4151112	.1626176	.3222299	.0193186	-.2461022	.2499241	-.0580029	-.5482474	-.048312	-.1318644	-.0219091	.5171531	7.99e+07	.4492947	.4053951	.348507	.4239675	.4657288	.3900761
25	.7785853	.3618589	.4167264	.4328063	.1811594	.3860343	.0461838	.8813807	.0724356	.1301483	.1746293	.6952224	9.349224	14605.01	9.138535	8.848168	9.781509	9.403163	9.674503	9.364056	9.207779	9.642596	9.239968	8.75293	9.338467	9.225396	-.213975	-.4663172	.4060018	.0326491	.2941942	.0396238	-.1850016	.2538471	-.1118671	-.5737922	-.0243053	-.1131533	-.0001447	.5279951	9.94e+07	.54202	.4011661	.4382577	.4161223	.4419902	.4416049
26	.8391805	.4209987	.4181818	.3590939	.218521	.4223851	.0342444	.9019793	.0637763	.0966785	.1708185	.7325029	9.528242	17201.47	9.258443	8.934525	9.89559	9.450973	9.791636	9.529773	9.271583	9.807574	9.392266	8.899444	9.479855	9.386548	-.2612621	-.5403192	.3576222	-.0504997	.2736032	.0429999	-.2597698	.2585821	-.1298842	-.5986647	-.0581675	-.1098384	.0153851	.5131556	1.20e+08	.439188	.3456599	.411932	.4431793	.446556	.4574278
27	.8754798	.4839829	.3914969	.3409629	.2209945	.4380426	.0284307	.9250056	.0465637	.0909314	.1830882	.7259804	9.657246	19350.24	9.321159	8.945159	9.9779	9.528646	9.815014	9.633963	9.458151	9.919608	9.50514	9.083229	9.492759	9.503098	-.3222776	-.6549171	.3007851	-.1243053	.1417321	.0103644	-.2121164	.230997	-.1510146	-.5425943	-.16763	-.1338917	.0034599	.4983847	1.40e+08	.4175655	.3449838	.4657219	.4310237	.4289261	.4745362
28	.8994387	.5292664	.3701724	.3377193	.2394737	.422807	.029327	.9232073	.0474657	.0752978	.171724	.7529782	9.789784	21794.31	9.402656	9.04168	10.05718	9.626412	9.871549	9.720446	9.51893	10.02599	9.548341	9.133758	9.656549	9.627966	-.3774275	-.6886138	.2594644	-.1419475	.096032	-.0247174	-.2830065	.2154324	-.2348945	-.6153003	-.1392485	-.1302357	.0118113	.4698421	1.73e+08	.429595	.3715111	.4593593	.4763683	.5447034	.4538435
29	.9167645	.5725762	.3441883	.3005181	.2466321	.4528497	.02585	.9313009	.0428491	.0803742	.1641505	.7554752	9.889122	23938.27	9.430629	9.006903	10.12748	9.627376	9.985944	9.782074	9.616619	10.12127	9.713197	9.176707	9.671126	9.69905	-.4294941	-.8219132	.2247752	-.2536144	.0899455	-.0672169	-.3003173	.2057185	-.1830132	-.67793	-.2245022	-.1632275	.0036534	.4632413	1.97e+08	.4282281	.3698031	.4497781	.4701644	.3762793	.5165075
30	.9257414	.6106552	.3150862	.3118932	.2524272	.4356796	.0259445	.9363941	.0376614	.0731707	.1595879	.7672414	9.981931	26118.23	9.426443	9.093705	10.19125	9.751377	9.97054	9.843782	9.627779	10.1879	9.751941	9.246665	9.827558	9.787189	-.5321691	-.8304017	.1985211	-.221638	-.0105838	-.0938294	-.3741193	.1817335	-.2304868	-.7065781	-.1644769	-.1642593	.0048058	.4458383	2.37e+08	.500892	.4230048	.495247	.5696704	.4160376	.4824339
31	.9284588	.6390266	.2894322	.3550369	.2088452	.4361179	.0253623	.9418159	.0328218	.0731386	.1484735	.7783879	10.05437	28123.71	9.569961	9.026797	10.24383	9.676701	10.02144	9.893456	9.672446	10.25758	9.836254	9.221128	9.837805	9.854117	-.4904715	-.9832662	.1736939	-.3719085	-.0414986	-.1192679	-.392745	.172895	-.2368796	-.828032	-.2195141	-.1750121	-.0023465	.4500928	2.77e+08	.4191036	.4195307	.5327197	.5087396	.394075	.5656903
32	.9338434	.668171	.2656723	.401282	.2192308	.3794872	.0231626	.9490813	.0277561	.0748614	.1321627	.792976	10.13159	30245.66	9.546098	9.127393	10.30059	9.701625	10.02399	9.952974	9.713038	10.31341	9.884133	9.317606	9.907885	9.900686	-.5560921	-.945194	.1645527	-.4268124	-.0901148	-.1251364	-.4345271	.1620245	-.2478469	-.7710187	-.2097282	-.1974522	.0078135	.4334813	3.23e+08	.4637254	.368657	.5085764	.5631364	.3906841	.5819591
33	.9378577	.6843281	.2535296	.4018817	.1975807	.4005376	.0221284	.9504178	.0274539	.066683	.133366	.799951	10.1797	31771.55	9.681939	9.154232	10.34568	9.767379	10.03661	9.968382	9.883459	10.35501	9.916452	9.368484	9.864597	9.929358	-.5070764	-.9813364	.1540139	-.4100012	-.1296064	-.1671967	-.3193727	.1494275	-.2611611	-.7858484	-.3205309	-.223789	-.0003049	.4338821	3.64e+08	.5514756	.4459865	.5021888	.4802964	.377048	.5123493
34	.9410068	.6982857	.2427211	.4303621	.2005571	.3690808	.0220608	.9506512	.027288	.0657325	.1179618	.8163058	10.21698	33092.03	9.68935	9.17825	10.37317	9.717311	10.02843	9.994259	9.801373	10.39691	9.874329	9.305821	9.857074	9.966488	-.521069	-.9934979	.1369832	-.4935469	-.1958032	-.1870975	-.444915	.1435261	-.3499426	-.8940316	-.3842688	-.2300957	-.0088889	.4411544	4.06e+08	.4718653	.4693856	.5092087	.614753	.4519488	.4840653
35	.9400551	.7133884	.2266667	.45	.2090909	.3409091	.0230447	.9538233	.023132	.0698421	.1156007	.8145571	10.25807	34516.37	9.640289	9.28085	10.40847	9.80186	10.05275	10.0146	9.826833	10.42167	9.914424	9.330456	9.950405	10.0181	-.6271039	-.9453186	.1321596	-.4476138	-.2208028	-.2031228	-.4615195	.1275254	-.3342633	-.8939927	-.3391618	-.2201751	-.0086581	.4415949	4.46e+08	.4701424	.4245709	.5624911	.5836522	.4570032	.6003255
36	.9401841	.7254601	.2147239	.4530046	.1895223	.357473	.0215495	.9578608	.0205898	.0692398	.111373	.8193871	10.29282	36023.92	9.698024	9.243548	10.43575	9.725031	10.0425	10.03542	9.917816	10.4595	9.974113	9.342149	9.911463	10.01016	-.6166654	-.9974635	.125162	-.5412502	-.2703124	-.2177386	-.4144207	.1288231	-.3424591	-.927833	-.3824167	-.2603884	-.0095571	.4581313	5.17e+08	.4601329	.5109861	.5163519	.6386095	.5566577	.6171714
37	.9406555	.73416	.2064954	.4757576	.1969697	.3272727	.0209597	.9609347	.0181056	.0720721	.1032819	.8246461	10.3258	37210.69	9.695478	9.245427	10.46747	9.866235	10.13801	10.06339	9.947206	10.48539	10.07099	9.353861	9.930144	10.04186	-.6222311	-1.029892	.1257735	-.4618455	-.1734777	-.2176393	-.4100608	.1248727	-.2674818	-.9537218	-.4073585	-.259719	-.0063737	.4541249	5.53e+08	.5017223	.454417	.6024489	.4945512	.5042234	.5626999
38	.9387996	.7414189	.1973807	.4775374	.202995	.3194675	.0246709	.9568259	.0185032	.068464	.1078397	.8236964	10.35546	38580.34	9.734776	9.200595	10.48981	9.875645	10.14668	10.06681	9.948918	10.51361	10.03643	9.383274	10.01637	10.04729	-.6039188	-1.132643	.1227561	-.4738526	-.2096911	-.2413597	-.4409879	.1265398	-.3246725	-.9569987	-.3722863	-.281408	-.0041185	.4687953	6.22e+08	.6806437	.6046405	.6110173	.6004435	.4294454	.5071379
39	.9392123	.7482877	.1909247	.4991708	.199005	.3018242	.0220337	.9615872	.0163791	.0723504	.0981619	.8294877	10.36997	39490.13	9.587731	9.127174	10.5174	9.885615	10.08871	10.06971	9.958764	10.52982	10.11933	9.33222	10.03042	10.06608	-.7970899	-1.195716	.1272755	-.4839774	-.3131146	-.2626826	-.4590686	.1197644	-.2686332	-1.038102	-.3703437	-.2850222	-.0130195	.4929684	6.70e+08	.6631397	.5523995	.562714	.6252877	.5067738	.6908261
40	.9388399	.7575312	.1813087	.5471349	.194085	.25878	.0215864	.9601874	.0182262	.0689805	.0993492	.8316703	10.408	40770.85	9.718575	9.194293	10.53203	9.975049	10.15639	10.11243	9.961232	10.55963	10.03187	9.301629	9.998747	10.08915	-.6710747	-1.182786	.1209553	-.4179683	-.2560299	-.2392659	-.4704159	.1273508	-.389267	-1.070881	-.4050644	-.2867256	.0032063	.4747255	6.97e+08	.7009152	.4847308	.5462002	.6248566	.6041322	.4934689
41	.941844	.7655095	.1763345	.4953096	.1894934	.315197	.0240729	.9612882	.0146389	.0533141	.1123919	.834294	10.42969	41965.07	9.807834	9.202894	10.56152	9.868657	10.1762	10.10787	10.02983	10.58319	10.19369	9.340643	10.04556	10.08227	-.6136364	-1.189043	.1292535	-.5554499	-.2358279	-.2673247	-.4216165	.1293821	-.2399898	-1.088848	-.4100091	-.311609	.0030788	.4945419	7.53e+08	.5617247	.5665463	.6371335	.6807441	.3937538	.6996383
42	.943746	.7661992	.1775467	.5267857	.2075893	.265625	.0185334	.9625878	.0188788	.0717653	.0843373	.8438973	10.45668	43246.27	9.740117	9.273239	10.58429	9.926938	10.24355	10.11356	10.06595	10.61432	10.25006	9.336311	10.08385	10.10653	-.6953281	-1.117565	.1308964	-.5081074	-.2203304	-.2790825	-.407371	.1384924	-.2010866	-1.094843	-.3878815	-.3085567	.009092	.5034037	8.04e+08	.7068464	.4798932	.6135457	.7654766	.6368171	.6768153
43	.9435421	.7726917	.1708503	.5445293	.1857506	.2697201	.0195763	.9638211	.0166027	.0681818	.1005682	.83125	10.48175	44207.25	9.747131	9.232809	10.61172	10.03642	10.22147	10.12618	10.20117	10.62614	10.19232	9.421791	10.11792	10.11627	-.73716	-1.207381	.13671	-.4135725	-.2577861	-.2874039	-.2975642	.129805	-.3218752	-1.049723	-.3914445	-.3200469	.0117604	.4971763	8.20e+08	.6391754	.6701925	.7603068	.7321066	.379771	.6938118
44	.9460651	.7780696	.1679955	.510929	.204918	.284153	.0214841	.9646764	.0138395	.0643087	.0803858	.8553055	10.49987	45208.65	9.821256	9.27142	10.62585	10.06593	10.15092	10.15388	10.06703	10.64995	10.26089	9.374281	10.21566	10.14982	-.6501141	-1.174502	.1302512	-.4468045	-.3637987	-.2805124	-.4428292	.1306049	-.2160254	-1.109717	-.2861399	-.3131444	.0088824	.5106019	8.68e+08	.6122442	.5971606	.6271451	.8476043	.6376967	.6353335
45	.9426336	.7773543	.1652793	.5136778	.212766	.2735562	.0211708	.9643365	.0144928	.0785124	.09573	.8257576	10.51647	46369.32	9.763623	9.090185	10.64479	10.08487	10.35582	10.16879	10.22805	10.6647	10.32872	9.425769	10.14796	10.13916	-.7352207	-1.387766	.1260553	-.3858601	-.1546693	-.2924348	-.3308199	.1262924	-.1883348	-1.081571	-.3872238	-.3421519	.0037689	.533876	9.53e+08	.7017663	.614778	.5417089	.8038531	.6605205	.6782962
46	.9432328	.7811632	.1620697	.5272206	.1891118	.2836676	.0192804	.9661455	.0145742	.0591852	.104535	.8362798	10.53906	47143.38	9.998232	9.364231	10.66169	10.16643	10.25788	10.14185	10.18423	10.68699	10.33003	9.285829	10.16302	10.17055	-.5217604	-1.129267	.1244446	-.3515235	-.2918984	-.3390813	-.3903713	.1279886	-.2041443	-1.229459	-.3733939	-.3357797	.0059064	.5239706	9.42e+08	.7863161	.5108904	.8884713	.8350017	.668188	.7159899
47	.943508	.7894077	.1541002	.5319865	.2323232	.2356902	.0205022	.9671011	.0123967	.0778894	.0778894	.8442211	10.56571	48094.24	9.99183	9.113086	10.68227	10.11866	10.26007	10.19513	10.15978	10.71003	10.44547	9.313748	10.30213	10.16965	-.5721825	-1.393201	.1235474	-.4141786	-.2877136	-.3114706	-.4353603	.1301025	-.0984724	-1.243046	-.2570133	-.3553214	.0103744	.5079477	9.46e+08	.7970209	.6343401	.6584584	.8688198	.7063923	.703043
48	.9434145	.7957106	.1477039	.5689046	.1837456	.2473498	.0184967	.9700689	.0114343	.0672897	.0915888	.8411215	10.58348	49380.35	9.647005	9.051425	10.70502	10.17603	10.39327	10.17123	10.16465	10.73052	10.31217	9.364451	10.21429	10.16281	-.9336612	-1.451069	.1248109	-.3677373	-.1831083	-.353683	-.4333961	.1265638	-.2626339	-1.206618	-.3766273	-.3813154	.007109	.5330034	1.02e+09	.7799421	.8083301	.6400947	.863535	.7727111	.8546772
49	.9466929	.8003929	.1462999	.5846154	.2230769	.1923077	.0196358	.965191	.0151732	.0695297	.091002	.8394683	10.60444	50154.44	9.740786	9.081109	10.72718	10.09274	10.28785	10.21291	10.03655	10.74783	10.41333	9.175659	10.24736	10.19349	-.8466797	-1.507698	.1228773	-.4785355	-.3165541	-.3319476	-.5857826	.1222837	-.1570678	-1.391724	-.3551303	-.377616	.0048578	.5242876	1.01e+09	.8138955	.7218342	.5308948	.8694457	.6673718	.6665238
50	.942579	.8017777	.1408014	.5887446	.2164502	.1948052	.0230784	.9637612	.0131604	.0573394	.0883028	.8543578	10.63068	51360.99	9.872404	9.207424	10.74444	10.42308	10.33209	10.20957	10.20886	10.76053	10.46072	9.395508	10.1373	10.24014	-.7420431	-1.351315	.119061	-.1487932	-.2859844	-.3621114	-.4473382	.1143941	-.1670567	-1.170758	-.5143591	-.3533507	.0091171	.5195912	1.04e+09	1.001695	.7547434	.9036215	1.035269	.6762955	.8768031
51	.9466971	.8042521	.142445	.5905172	.2155172	.1939655	.0187166	.965652	.0156314	.0511222	.0810474	.8678304	10.63112	51467.56	9.755399	9.125007	10.75092	10.3606	10.51469	10.21622	10.19337	10.76255	10.27156	9.240636	10.37465	10.20199	-.890843	-1.475104	.1068158	-.2553448	-.1471778	-.3753781	-.4581305	.0975431	-.3477548	-1.403251	-.2896901	-.4103912	-.0098976	.5279473	1.04e+09	.9610163	.543462	.4241726	.868895	.7022273	.5758014
52	.9495248	.8043265	.1451983	.6282722	.2041885	.1675393	.0193577	.9650242	.0156181	.055409	.0725594	.8720317	10.64784	52009.99	9.81814	9.494285	10.76064	10.03632	10.53535	10.19205	10.35588	10.78174	10.45466	9.374018	10.16948	10.27174	-.8454086	-1.100702	.1000243	-.5796615	-.1361864	-.4148187	-.34648	.1008301	-.1807012	-1.250296	-.5227027	-.355499	-.0102701	.5077859	1.04e+09	1.015212	.7565033	.8983346	1.040078	.6433206	.7408943
53	.9472837	.803431	.1438528	.6415094	.2327044	.1257862	.0194151	.9674017	.0131831	.0578279	.0578279	.8843442	10.66092	52398.78	9.991366	8.999497	10.76351	10.25946	10.43614	10.24197	10.34936	10.78221	10.54125	9.229993	10.33549	10.3203	-.6688635	-1.643107	.0908448	-.3731889	-.2575509	-.3781746	-.3590237	.0887106	-.096232	-1.455925	-.3427316	-.3190369	-.0094192	.4927989	1.03e+09	.679615	.7296858	.6960791	.8768691	.5956004	.322928
54	.9390362	.7962067	.1428295	.6956522	.1552795	.1490683	.025123	.9627039	.012173	.055814	.0620155	.8821706	10.67109	52878.93	10.00475	8.972016	10.77119	10.45464	10.47525	10.30612	10.31257	10.78533	10.50358	9.296808	10.23607	10.3676	-.6314879	-1.621386	.0892102	-.1784849	-.2106291	-.3264742	-.399809	.0808638	-.1475606	-1.38222	-.4944206	-.2946693	-.0083755	.4930066	1.05e+09	.940098	.5290847	.5869511	.5910291	.799103	.7377108
55	.9387885	.7887354	.1500531	.6258065	.1741935	.2	.028024	.9548184	.0171576	.0695652	.0504348	.88	10.66869	52811.66	9.832272	9.247213	10.77096	10.35427	10.42535	10.36153	10.43863	10.77656	10.45892	9.309567	10.25502	10.35126	-.8785038	-1.460943	.0814696	-.2837648	-.3110439	-.2898395	-.2901306	.0636419	-.2173975	-1.432172	-.4625183	-.3307081	-.0212823	.5017936	1.03e+09	.7261713	.9968085	.7855812	.8515018	.5918792	.5141156
56	.93812	.7829475	.1551724	.6770186	.1490683	.173913	.020759	.9672397	.0120013	.0428571	.0571429	.9	10.67563	53400.46	10.1686	8.974059	10.77227	10.31996	10.47626	10.34374	10.4812	10.79546	10.60565	9.302237	10.2567	10.41502	-.4904439	-1.646302	.0792937	-.3430795	-.2442365	-.3230841	-.2441765	.0760419	-.0569796	-1.37826	-.4891056	-.2736148	-.0187499	.5110464	1.08e+09	.5325962	.5015108	.7630416	.6143637	.6463269	.6439262
57	.9392511	.7789997	.1602514	.7094017	.1794872	.1111111	.0250818	.9614686	.0134497	.0578358	.0503731	.891791	10.69176	54125.96	9.740838	9.248734	10.7749	10.49435	10.17631	10.38902	10.58221	10.80948	10.53324	9.46636	10.25607	10.46387	-.9429464	-1.471411	.0811188	-.1485223	-.5530044	-.2785791	-.153566	.0855644	-.1636391	-1.158033	-.4443201	-.232009	-.0046645	.5081818	1.09e+09	1.196571	.8140133	.6999865	.6529962	.6386553	1.189424
58	.9336839	.7589834	.1747006	.7394958	.1428571	.1176471	.0241013	.9595588	.0163399	.0340681	.0360721	.9298597	10.69008	53919.5	10.4348	9.413954	10.76969	10.40064	10.3221	10.47589	10.54464	10.79348	10.32286	9.33907	10.30974	10.49852	-.249267	-1.259476	.0786508	-.2602856	-.3615887	-.1921003	-.2350311	.081151	-.3233061	-1.367272	-.4048632	-.2002536	-.002578	.4969304	1.08e+09	.739414	.6472055	.5490565	.843939	.5266144	.7472236
59	.9227799	.7361647	.1866152	.7264957	.1538462	.1196581	.0404087	.9419415	.0176498	.0361446	.0441767	.9196787	10.68197	53632.95	9.915667	9.386075	10.77514	10.38562	10.27076	10.51134	10.40765	10.80575	10.72442	9.54108	10.5424	10.52503	-.714775	-1.235803	.103458	-.215935	-.4061492	-.147516	-.305596	.1075966	.0357847	-1.157655	-.2044286	-.1606945	.0066242	.5119513	1.05e+09	.5658764	.5695986	1.268401	.6712527	.7374392	.4704187
60	.9044143	.7045534	.199861	.8111888	.1118881	.0769231	.0475196	.9284595	.0240209	.0489796	.0428571	.9081632	10.69365	54693.99	10.1749	8.865931	10.77958	10.75206	10.58049	10.4493							-.5280142	-1.792411	.1318989	.1149411	-.1217568	-.1839303							.0399613	.5230414	1.16e+09	.7130311	.8126239	.3158211	.7774844		
